$ANSIBLE_VAULT;1.1;AES256
33363439343233353437663663633966386336393832363935303665393938316537343962343838
6136663538616161393033313938313964316534343730660a376430646365663264646264343664
66323836326237623538383366653037663139663231613633326261646335633064333236643964
3164613432343136370a313930313265393739346566633731613433396330616430303839626266
63303239666366666635323063306134643634633732343537316432383538366166643735643161
36656631653938633535613333663239363166373731623366626431356434623165633530636337
31386435353030643861626435353865613536386234626132393639383039633162633663343136
63366537306363393937376331663738306638346662653666373564356266396562356566613137
30623331306533643065343866343036626539623936303864326235303661363565346330653739
37336634313935326634666335363662383230666465346163373138373037333963333637643766
65376139643736616231316365626539653238613336643763666631306232303231386264636335
30626562656430396230386361346162306164616634303037373339373531323762353665393933
61343164363230303035373164363062636331383634623431616361393065623433653965383761
63626332623130666134386266353730303961653732366237313435653664343531373536623061
30363561313131653564663236343738626438353864383461646336653030633231626366643739
35343038333662633330616435356562653861343266663335643133663139643165613033623163
30663566636331646264323865633630353933303462373034323633356161383637333964343035
31343561333930663337653838633731663738373338303865663565393730373533333061333930
65383664343132316633303961373531306530373865333237333734316232646235366566633838
39303536616335343933636266336331333138623963666536356533363731633962373233333639
36613435363835323134363038323964656563623736346635636338313164353436663664376330
31666161336132353462633139646364306630306534633133376533313837346361356136353463
31643237393234666637346566356664343931656539663565326161316139663266303835393233
36346561613465396434363166306366393439303739346137623633386364353761366261366236
63346237643035666435656565383735303061346534623966663239393161346335313363643137
3963636138653863366338343430396661613263393330616333
